4.0 184
4.0 2.54
8.0 10.2
8.0 0.857
12.0 7.40
12.0 0.837
16.0 3.59
16.0 1.02
20.0 2.84
20.0 0.875
24.0 2.68
24.0 0.892
28.0 3.00
28.0 0.736
32.0 3.56
32.0 0.886
36.0 1.51
36.0 0.880
40.0 10.4
40.0 0.704
44.0 2.55
44.0 0.785
48.0 2.56
48.0 1.11
52.0 4.14
52.0 0.941
56.0 3.13
56.0 0.765
60.0 1.18
60.0 0.701
64.0 1.49
64.0 1.36
68.0 3.64
68.0 0.866
72.0 1.42
72.0 0.904
76.0 1.86
76.0 0.935
80.0 1.61
80.0 35.2
84.0 738
84.0 24.9
88.0 923
88.0 21.1
92.0 916
92.0 35.2
96.0 871
96.0 93.7
100.0 783
100.0 192
104.0 664
104.0 315
108.0 539
108.0 434
112.0 473
112.0 465
116.0 475
116.0 469
120.0 472
120.0 578
