4.0 249 4.0 1.68
8.0 13.6 8.0 0.927
12.0 1.89 12.0 0.652
16.0 1.91 16.0 0.904
20.0 2.63 20.0 0.846
24.0 3.10 24.0 0.811
28.0 2.08 28.0 0.918
32.0 2.16 32.0 0.666
36.0 3.14 36.0 0.834
40.0 2.26 40.0 0.860
44.0 0.996 44.0 0.880
48.0 4.33 48.0 0.889
52.0 6.49 52.0 0.886
56.0 15.5 56.0 0.869
60.0 6.80 60.0 1.04
64.0 1.65 64.0 0.727
68.0 1.28 68.0 0.628
72.0 1.06 72.0 0.869
76.0 1.04 76.0 0.857
80.0 2.53 80.0 55.8
84.0 652 84.0 43.3
88.0 926 88.0 24.9
92.0 923 92.0 35.8
96.0 888 96.0 89.5
100.0 808 100.0 184
104.0 694 104.0 307
108.0 567 108.0 430
112.0 481 112.0 471
116.0 479 116.0 469
120.0 478 120.0 634
