4.0 194
4.0 297
8.0 265
8.0 224
12.0 244
12.0 246
16.0 246
16.0 244
20.0 245
20.0 244
24.0 244
24.0 245
28.0 246
28.0 245
32.0 246
32.0 244
36.0 244
36.0 245
40.0 247
40.0 244
44.0 246
44.0 243
48.0 245
48.0 245
52.0 248
52.0 243
56.0 247
56.0 242
60.0 245
60.0 245
64.0 249
64.0 242
68.0 248
68.0 240
72.0 246
72.0 245
76.0 248
76.0 241
80.0 249
80.0 240
84.0 237
84.0 244
88.0 242
88.0 248
92.0 243
92.0 246
96.0 243
96.0 246
100.0 242
100.0 248
104.0 243
104.0 246
108.0 243
108.0 246
112.0 242
112.0 249
116.0 243
116.0 246
120.0 243
120.0 246
