4.0 386
4.0 252
8.0 225
8.0 259
12.0 236
12.0 243
16.0 254
16.0 229
20.0 264
20.0 222
24.0 266
24.0 231
28.0 247
28.0 249
32.0 246
32.0 248
36.0 246
36.0 244
40.0 242
40.0 243
44.0 240
44.0 245
48.0 241
48.0 249
52.0 246
52.0 249
56.0 246
56.0 246
60.0 246
60.0 244
64.0 241
64.0 243
68.0 240
68.0 247
72.0 243
72.0 249
76.0 246
76.0 249
80.0 246
80.0 244
84.0 240
84.0 238
88.0 237
88.0 249
92.0 246
92.0 249
96.0 246
96.0 244
100.0 244
100.0 243
104.0 240
104.0 244
108.0 240
108.0 249
112.0 245
112.0 249
116.0 246
116.0 246
120.0 245
120.0 350
