4.0 239
4.0 1.61
8.0 0.947
8.0 0.672
12.0 0.553
12.0 0.993
16.0 0.449
16.0 0.489
20.0 1.39
20.0 0.738
24.0 1.24
24.0 0.553
28.0 1.36
28.0 0.880
32.0 1.22
32.0 1.03
36.0 1.73
36.0 0.582
40.0 0.628
40.0 0.463
44.0 0.782
44.0 0.828
48.0 2.25
48.0 0.634
52.0 1.77
52.0 1.10
56.0 2.07
56.0 0.863
60.0 2.70
60.0 0.988
64.0 2.10
64.0 0.802
68.0 5.25
68.0 0.602
72.0 4.11
72.0 0.802
76.0 1.59
76.0 0.492
80.0 1.52
80.0 38.0
84.0 662
84.0 44.3
88.0 915
88.0 26.0
92.0 910
92.0 33.0
96.0 886
96.0 74.2
100.0 815
100.0 159
104.0 713
104.0 274
108.0 589
108.0 401
112.0 486
112.0 466
116.0 475
116.0 466
120.0 472
120.0 619
