4.0 162
4.0 2.17
8.0 1.59
8.0 0.576
12.0 0.921
12.0 0.463
16.0 0.733
16.0 0.672
20.0 0.889
20.0 0.849
24.0 0.646
24.0 1.50
28.0 0.669
28.0 1.46
32.0 1.95
32.0 2.28
36.0 0.767
36.0 0.582
40.0 0.834
40.0 0.886
44.0 0.504
44.0 0.715
48.0 0.947
48.0 0.796
52.0 0.849
52.0 0.892
56.0 0.663
56.0 0.568
60.0 0.909
60.0 0.741
64.0 0.553
64.0 0.484
68.0 1.02
68.0 0.973
72.0 0.513
72.0 0.620
76.0 1.24
76.0 0.863
80.0 0.817
80.0 102
84.0 175
84.0 711
88.0 300
88.0 633
92.0 338
92.0 601
96.0 365
96.0 558
100.0 486
100.0 437
104.0 530
104.0 414
108.0 538
108.0 413
112.0 493
112.0 467
116.0 476
116.0 476
120.0 473
120.0 567
