4.0 214 4.0 10.2
8.0 9.55 8.0 3.92
12.0 6.61 12.0 1.39
16.0 3.19 16.0 2.60
20.0 4.90 20.0 5.73
24.0 1.83 24.0 2.70
28.0 2.86 28.0 2.04
32.0 0.837 32.0 3.21
36.0 1.07 36.0 1.52
40.0 2.46 40.0 1.71
44.0 2.19 44.0 2.85
48.0 1.75 48.0 3.12
52.0 14.1 52.0 3.59
56.0 11.9 56.0 4.94
60.0 4.38 60.0 7.65
64.0 3.26 64.0 6.42
68.0 2.46 68.0 2.76
72.0 1.03 72.0 2.31
76.0 4.82 76.0 3.29
80.0 9.01 80.0 60.6
84.0 455 84.0 396
88.0 534 88.0 422
92.0 519 92.0 431
96.0 512 96.0 442
100.0 474 100.0 480
104.0 456 104.0 491
108.0 452 108.0 488
112.0 466 112.0 470
116.0 475 116.0 465
120.0 471 120.0 604
