4.0 170
4.0 3.98
8.0 5.61
8.0 1.31
12.0 3.32
12.0 1.08
16.0 4.05
16.0 0.770
20.0 4.96
20.0 0.799
24.0 1.23
24.0 1.70
28.0 1.44
28.0 0.736
32.0 4.23
32.0 1.14
36.0 5.12
36.0 0.863
40.0 4.72
40.0 0.710
44.0 3.11
44.0 0.692
48.0 2.20
48.0 1.26
52.0 3.61
52.0 1.98
56.0 7.92
56.0 0.988
60.0 2.57
60.0 0.875
64.0 1.53
64.0 1.36
68.0 2.98
68.0 1.66
72.0 3.94
72.0 0.979
76.0 2.92
76.0 1.31
80.0 4.92
80.0 35.0
84.0 641
84.0 208
88.0 675
88.0 290
92.0 631
92.0 327
96.0 609
96.0 349
100.0 528
100.0 455
104.0 458
104.0 498
108.0 439
108.0 511
112.0 453
112.0 480
116.0 477
116.0 471
120.0 477
120.0 522
