4.0 483 4.0 23.8
8.0 462 8.0 32.8
12.0 453 12.0 50.1
16.0 427 16.0 87.6
20.0 384 20.0 143
24.0 324 24.0 200
28.0 270 28.0 235
32.0 263 32.0 227
36.0 251 36.0 240
40.0 250 40.0 243
44.0 250 44.0 246
48.0 248 48.0 245
52.0 244 52.0 240
56.0 245 56.0 240
60.0 248 60.0 244
64.0 250 64.0 246
68.0 247 68.0 245
72.0 244 72.0 239
76.0 244 76.0 240
80.0 249 80.0 245
84.0 248 84.0 239
88.0 238 88.0 239
92.0 248 92.0 244
96.0 250 96.0 246
100.0 246 100.0 243
104.0 243 104.0 239
108.0 245 108.0 241
112.0 250 112.0 246
116.0 249 116.0 245
120.0 243 120.0 375
