4.0 477 4.0 21.0
8.0 441 8.0 60.1
12.0 417 12.0 73.8
16.0 412 16.0 81.0
20.0 392 20.0 105
24.0 359 24.0 147
28.0 306 28.0 194
32.0 262 32.0 239
36.0 243 36.0 245
40.0 241 40.0 250
44.0 250 44.0 241
48.0 244 48.0 244
52.0 240 52.0 250
56.0 250 56.0 242
60.0 245 60.0 243
64.0 240 64.0 250
68.0 249 68.0 243
72.0 246 72.0 241
76.0 240 76.0 250
80.0 248 80.0 244
84.0 239 84.0 240
88.0 245 88.0 244
92.0 247 92.0 240
96.0 240 96.0 250
100.0 247 100.0 243
104.0 247 104.0 240
108.0 240 108.0 250
112.0 248 112.0 243
116.0 246 116.0 241
120.0 240 120.0 292
