4.0 183
4.0 2.30
8.0 12.9
8.0 0.808
12.0 3.50
12.0 1.83
16.0 3.35
16.0 1.99
20.0 2.03
20.0 1.11
24.0 1.83
24.0 0.872
28.0 2.42
28.0 1.30
32.0 2.03
32.0 3.06
36.0 4.35
36.0 4.83
40.0 4.85
40.0 2.13
44.0 1.73
44.0 2.82
48.0 2.00
48.0 5.39
52.0 3.16
52.0 1.45
56.0 2.99
56.0 1.09
60.0 3.69
60.0 0.669
64.0 1.89
64.0 1.22
68.0 1.87
68.0 1.77
72.0 2.65
72.0 1.09
76.0 4.94
76.0 0.773
80.0 1.97
80.0 86.7
84.0 596
84.0 333
88.0 502
88.0 476
92.0 474
92.0 473
96.0 475
96.0 473
100.0 473
100.0 475
104.0 475
104.0 472
108.0 472
108.0 475
112.0 474
112.0 473
116.0 475
116.0 473
120.0 473
120.0 698
