4.0 484
4.0 12.6
8.0 475
8.0 16.6
12.0 467
12.0 32.4
16.0 441
16.0 65.1
20.0 395
20.0 117
24.0 338
24.0 186
28.0 277
28.0 234
32.0 244
32.0 247
36.0 243
36.0 240
40.0 247
40.0 242
44.0 250
44.0 248
48.0 243
48.0 245
52.0 242
52.0 240
56.0 249
56.0 244
60.0 249
60.0 247
64.0 242
64.0 244
68.0 243
68.0 240
72.0 250
72.0 246
76.0 247
76.0 247
80.0 242
80.0 241
84.0 245
84.0 239
88.0 238
88.0 239
92.0 246
92.0 242
96.0 244
96.0 245
100.0 239
100.0 236
104.0 250
104.0 247
108.0 240
108.0 241
112.0 243
112.0 240
116.0 248
116.0 247
120.0 239
120.0 320
