4.0 174
4.0 1.74
8.0 2.07
8.0 0.544
12.0 2.16
12.0 0.576
16.0 1.02
16.0 0.408
20.0 1.13
20.0 0.730
24.0 0.956
24.0 0.443
28.0 1.04
28.0 0.414
32.0 1.37
32.0 0.536
36.0 0.579
36.0 0.466
40.0 0.342
40.0 0.182
44.0 0.573
44.0 0.463
48.0 0.518
48.0 0.599
52.0 0.400
52.0 0.379
56.0 0.906
56.0 0.654
60.0 1.27
60.0 0.385
64.0 3.81
64.0 0.767
68.0 2.92
68.0 0.515
72.0 1.98
72.0 0.744
76.0 1.44
76.0 0.869
80.0 1.11
80.0 119
84.0 189
84.0 677
88.0 292
88.0 626
92.0 326
92.0 600
96.0 342
96.0 583
100.0 377
100.0 538
104.0 425
104.0 495
108.0 450
108.0 476
112.0 460
112.0 469
116.0 467
116.0 462
120.0 465
120.0 570
