4.0 241
4.0 3.92
8.0 14.5
8.0 1.03
12.0 3.86
12.0 1.06
16.0 5.84
16.0 1.03
20.0 7.57
20.0 0.718
24.0 7.05
24.0 0.710
28.0 3.09
28.0 1.30
32.0 2.80
32.0 0.924
36.0 3.49
36.0 0.930
40.0 4.17
40.0 0.744
44.0 1.35
44.0 0.930
48.0 5.15
48.0 1.08
52.0 2.89
52.0 1.00
56.0 6.19
56.0 0.996
60.0 8.89
60.0 0.547
64.0 4.04
64.0 0.921
68.0 4.15
68.0 1.49
72.0 1.89
72.0 2.65
76.0 2.08
76.0 3.48
80.0 1.83
80.0 38.9
84.0 668
84.0 58.0
88.0 923
88.0 29.6
92.0 921
92.0 41.6
96.0 874
96.0 110
100.0 778
100.0 218
104.0 656
104.0 345
108.0 531
108.0 457
112.0 479
112.0 471
116.0 480
116.0 472
120.0 478
120.0 622
