4.0 184 4.0 2.84
8.0 0.950 8.0 1.55
12.0 0.553 12.0 0.704
16.0 0.767 16.0 0.999
20.0 0.707 20.0 0.956
24.0 0.944 24.0 0.643
28.0 1.21 28.0 1.23
32.0 0.961 32.0 2.28
36.0 0.660 36.0 3.16
40.0 0.901 40.0 2.19
44.0 0.756 44.0 1.30
48.0 0.672 48.0 2.51
52.0 0.854 52.0 2.60
56.0 0.785 56.0 1.62
60.0 0.756 60.0 0.851
64.0 0.582 64.0 0.901
68.0 0.756 68.0 1.44
72.0 0.718 72.0 0.964
76.0 0.536 76.0 1.50
80.0 0.582 80.0 83.0
84.0 84.7 84.0 896
88.0 30.2 88.0 902
92.0 35.6 92.0 894
96.0 66.9 96.0 848
100.0 140 100.0 762
104.0 247 104.0 648
108.0 368 108.0 528
112.0 458 112.0 470
116.0 460 116.0 469
120.0 461 120.0 584
